   -1.000000E+00
   -1.100000E+00
   -1.200000E+00
   -1.300000E+00
   -1.400000E+00
   -1.500000E+00
   -1.600000E+00
   -1.700000E+00
   -1.800000E+00
   -1.900000E+00
   -1.100000E+00
   -1.141421E+00
   -1.223607E+00
   -1.316228E+00
   -1.412311E+00
   -1.509902E+00
   -1.608276E+00
   -1.707107E+00
   -1.806226E+00
   -1.905539E+00
   -1.200000E+00
   -1.223607E+00
   -1.282843E+00
   -1.360555E+00
   -1.447214E+00
   -1.538516E+00
   -1.632456E+00
   -1.728011E+00
   -1.824621E+00
   -1.921954E+00
   -1.300000E+00
   -1.316228E+00
   -1.360555E+00
   -1.424264E+00
   -1.500000E+00
   -1.583095E+00
   -1.670820E+00
   -1.761577E+00
   -1.854400E+00
   -1.948683E+00
   -1.400000E+00
   -1.412311E+00
   -1.447214E+00
   -1.500000E+00
   -1.565685E+00
   -1.640312E+00
   -1.721110E+00
   -1.806226E+00
   -1.894427E+00
   -1.984886E+00
   -1.500000E+00
   -1.509902E+00
   -1.538516E+00
   -1.583095E+00
   -1.640312E+00
   -1.707107E+00
   -1.781025E+00
   -1.860233E+00
   -1.943398E+00
   -2.029563E+00
   -1.600000E+00
   -1.608276E+00
   -1.632456E+00
   -1.670820E+00
   -1.721110E+00
   -1.781025E+00
   -1.848528E+00
   -1.921954E+00
   -2.000000E+00
   -2.081665E+00
   -1.700000E+00
   -1.707107E+00
   -1.728011E+00
   -1.761577E+00
   -1.806226E+00
   -1.860233E+00
   -1.921954E+00
   -1.989949E+00
   -2.063015E+00
   -2.140175E+00
   -1.800000E+00
   -1.806226E+00
   -1.824621E+00
   -1.854400E+00
   -1.894427E+00
   -1.943398E+00
   -2.000000E+00
   -2.063015E+00
   -2.131371E+00
   -2.204159E+00
   -1.900000E+00
   -1.905539E+00
   -1.921954E+00
   -1.948683E+00
   -1.984886E+00
   -2.029563E+00
   -2.081665E+00
   -2.140175E+00
   -2.204159E+00
   -2.272792E+00
   -1.100000E+00
   -1.141421E+00
   -1.223607E+00
   -1.316228E+00
   -1.412311E+00
   -1.509902E+00
   -1.608276E+00
   -1.707107E+00
   -1.806226E+00
   -1.905539E+00
   -1.141421E+00
   -1.173205E+00
   -1.244949E+00
   -1.331662E+00
   -1.424264E+00
   -1.519615E+00
   -1.616441E+00
   -1.714143E+00
   -1.812404E+00
   -1.911043E+00
   -1.223607E+00
   -1.244949E+00
   -1.300000E+00
   -1.374166E+00
   -1.458258E+00
   -1.547723E+00
   -1.640312E+00
   -1.734847E+00
   -1.830662E+00
   -1.927362E+00
   -1.316228E+00
   -1.331662E+00
   -1.374166E+00
   -1.435890E+00
   -1.509902E+00
   -1.591608E+00
   -1.678233E+00
   -1.768115E+00
   -1.860233E+00
   -1.953939E+00
   -1.412311E+00
   -1.424264E+00
   -1.458258E+00
   -1.509902E+00
   -1.574456E+00
   -1.648074E+00
   -1.728011E+00
   -1.812404E+00
   -1.900000E+00
   -1.989949E+00
   -1.509902E+00
   -1.519615E+00
   -1.547723E+00
   -1.591608E+00
   -1.648074E+00
   -1.714143E+00
   -1.787401E+00
   -1.866025E+00
   -1.948683E+00
   -2.034408E+00
   -1.608276E+00
   -1.616441E+00
   -1.640312E+00
   -1.678233E+00
   -1.728011E+00
   -1.787401E+00
   -1.854400E+00
   -1.927362E+00
   -2.004988E+00
   -2.086278E+00
   -1.707107E+00
   -1.714143E+00
   -1.734847E+00
   -1.768115E+00
   -1.812404E+00
   -1.866025E+00
   -1.927362E+00
   -1.994987E+00
   -2.067708E+00
   -2.144552E+00
   -1.806226E+00
   -1.812404E+00
   -1.830662E+00
   -1.860233E+00
   -1.900000E+00
   -1.948683E+00
   -2.004988E+00
   -2.067708E+00
   -2.135782E+00
   -2.208305E+00
   -1.905539E+00
   -1.911043E+00
   -1.927362E+00
   -1.953939E+00
   -1.989949E+00
   -2.034408E+00
   -2.086278E+00
   -2.144552E+00
   -2.208305E+00
   -2.276715E+00
   -1.200000E+00
   -1.223607E+00
   -1.282843E+00
   -1.360555E+00
   -1.447214E+00
   -1.538516E+00
   -1.632456E+00
   -1.728011E+00
   -1.824621E+00
   -1.921954E+00
   -1.223607E+00
   -1.244949E+00
   -1.300000E+00
   -1.374166E+00
   -1.458258E+00
   -1.547723E+00
   -1.640312E+00
   -1.734847E+00
   -1.830662E+00
   -1.927362E+00
   -1.282843E+00
   -1.300000E+00
   -1.346410E+00
   -1.412311E+00
   -1.489898E+00
   -1.574456E+00
   -1.663325E+00
   -1.754983E+00
   -1.848528E+00
   -1.943398E+00
   -1.360555E+00
   -1.374166E+00
   -1.412311E+00
   -1.469042E+00
   -1.538516E+00
   -1.616441E+00
   -1.700000E+00
   -1.787401E+00
   -1.877496E+00
   -1.969536E+00
   -1.447214E+00
   -1.458258E+00
   -1.489898E+00
   -1.538516E+00
   -1.600000E+00
   -1.670820E+00
   -1.748331E+00
   -1.830662E+00
   -1.916515E+00
   -2.004988E+00
   -1.538516E+00
   -1.547723E+00
   -1.574456E+00
   -1.616441E+00
   -1.670820E+00
   -1.734847E+00
   -1.806226E+00
   -1.883176E+00
   -1.964365E+00
   -2.048809E+00
   -1.632456E+00
   -1.640312E+00
   -1.663325E+00
   -1.700000E+00
   -1.748331E+00
   -1.806226E+00
   -1.871780E+00
   -1.943398E+00
   -2.019804E+00
   -2.100000E+00
   -1.728011E+00
   -1.734847E+00
   -1.754983E+00
   -1.787401E+00
   -1.830662E+00
   -1.883176E+00
   -1.943398E+00
   -2.009950E+00
   -2.081665E+00
   -2.157584E+00
   -1.824621E+00
   -1.830662E+00
   -1.848528E+00
   -1.877496E+00
   -1.916515E+00
   -1.964365E+00
   -2.019804E+00
   -2.081665E+00
   -2.148913E+00
   -2.220656E+00
   -1.921954E+00
   -1.927362E+00
   -1.943398E+00
   -1.969536E+00
   -2.004988E+00
   -2.048809E+00
   -2.100000E+00
   -2.157584E+00
   -2.220656E+00
   -2.288410E+00
   -1.300000E+00
   -1.316228E+00
   -1.360555E+00
   -1.424264E+00
   -1.500000E+00
   -1.583095E+00
   -1.670820E+00
   -1.761577E+00
   -1.854400E+00
   -1.948683E+00
   -1.316228E+00
   -1.331662E+00
   -1.374166E+00
   -1.435890E+00
   -1.509902E+00
   -1.591608E+00
   -1.678233E+00
   -1.768115E+00
   -1.860233E+00
   -1.953939E+00
   -1.360555E+00
   -1.374166E+00
   -1.412311E+00
   -1.469042E+00
   -1.538516E+00
   -1.616441E+00
   -1.700000E+00
   -1.787401E+00
   -1.877496E+00
   -1.969536E+00
   -1.424264E+00
   -1.435890E+00
   -1.469042E+00
   -1.519615E+00
   -1.583095E+00
   -1.655744E+00
   -1.734847E+00
   -1.818535E+00
   -1.905539E+00
   -1.994987E+00
   -1.500000E+00
   -1.509902E+00
   -1.538516E+00
   -1.583095E+00
   -1.640312E+00
   -1.707107E+00
   -1.781025E+00
   -1.860233E+00
   -1.943398E+00
   -2.029563E+00
   -1.583095E+00
   -1.591608E+00
   -1.616441E+00
   -1.655744E+00
   -1.707107E+00
   -1.768115E+00
   -1.836660E+00
   -1.911043E+00
   -1.989949E+00
   -2.072381E+00
   -1.670820E+00
   -1.678233E+00
   -1.700000E+00
   -1.734847E+00
   -1.781025E+00
   -1.836660E+00
   -1.900000E+00
   -1.969536E+00
   -2.044031E+00
   -2.122497E+00
   -1.761577E+00
   -1.768115E+00
   -1.787401E+00
   -1.818535E+00
   -1.860233E+00
   -1.911043E+00
   -1.969536E+00
   -2.034408E+00
   -2.104536E+00
   -2.178983E+00
   -1.854400E+00
   -1.860233E+00
   -1.877496E+00
   -1.905539E+00
   -1.943398E+00
   -1.989949E+00
   -2.044031E+00
   -2.104536E+00
   -2.170470E+00
   -2.240967E+00
   -1.948683E+00
   -1.953939E+00
   -1.969536E+00
   -1.994987E+00
   -2.029563E+00
   -2.072381E+00
   -2.122497E+00
   -2.178983E+00
   -2.240967E+00
   -2.307670E+00
   -1.400000E+00
   -1.412311E+00
   -1.447214E+00
   -1.500000E+00
   -1.565685E+00
   -1.640312E+00
   -1.721110E+00
   -1.806226E+00
   -1.894427E+00
   -1.984886E+00
   -1.412311E+00
   -1.424264E+00
   -1.458258E+00
   -1.509902E+00
   -1.574456E+00
   -1.648074E+00
   -1.728011E+00
   -1.812404E+00
   -1.900000E+00
   -1.989949E+00
   -1.447214E+00
   -1.458258E+00
   -1.489898E+00
   -1.538516E+00
   -1.600000E+00
   -1.670820E+00
   -1.748331E+00
   -1.830662E+00
   -1.916515E+00
   -2.004988E+00
   -1.500000E+00
   -1.509902E+00
   -1.538516E+00
   -1.583095E+00
   -1.640312E+00
   -1.707107E+00
   -1.781025E+00
   -1.860233E+00
   -1.943398E+00
   -2.029563E+00
   -1.565685E+00
   -1.574456E+00
   -1.600000E+00
   -1.640312E+00
   -1.692820E+00
   -1.754983E+00
   -1.824621E+00
   -1.900000E+00
   -1.979796E+00
   -2.063015E+00
   -1.640312E+00
   -1.648074E+00
   -1.670820E+00
   -1.707107E+00
   -1.754983E+00
   -1.812404E+00
   -1.877496E+00
   -1.948683E+00
   -2.024695E+00
   -2.104536E+00
   -1.721110E+00
   -1.728011E+00
   -1.748331E+00
   -1.781025E+00
   -1.824621E+00
   -1.877496E+00
   -1.938083E+00
   -2.004988E+00
   -2.077033E+00
   -2.153256E+00
   -1.806226E+00
   -1.812404E+00
   -1.830662E+00
   -1.860233E+00
   -1.900000E+00
   -1.948683E+00
   -2.004988E+00
   -2.067708E+00
   -2.135782E+00
   -2.208305E+00
   -1.894427E+00
   -1.900000E+00
   -1.916515E+00
   -1.943398E+00
   -1.979796E+00
   -2.024695E+00
   -2.077033E+00
   -2.135782E+00
   -2.200000E+00
   -2.268858E+00
   -1.984886E+00
   -1.989949E+00
   -2.004988E+00
   -2.029563E+00
   -2.063015E+00
   -2.104536E+00
   -2.153256E+00
   -2.208305E+00
   -2.268858E+00
   -2.334166E+00
   -1.500000E+00
   -1.509902E+00
   -1.538516E+00
   -1.583095E+00
   -1.640312E+00
   -1.707107E+00
   -1.781025E+00
   -1.860233E+00
   -1.943398E+00
   -2.029563E+00
   -1.509902E+00
   -1.519615E+00
   -1.547723E+00
   -1.591608E+00
   -1.648074E+00
   -1.714143E+00
   -1.787401E+00
   -1.866025E+00
   -1.948683E+00
   -2.034408E+00
   -1.538516E+00
   -1.547723E+00
   -1.574456E+00
   -1.616441E+00
   -1.670820E+00
   -1.734847E+00
   -1.806226E+00
   -1.883176E+00
   -1.964365E+00
   -2.048809E+00
   -1.583095E+00
   -1.591608E+00
   -1.616441E+00
   -1.655744E+00
   -1.707107E+00
   -1.768115E+00
   -1.836660E+00
   -1.911043E+00
   -1.989949E+00
   -2.072381E+00
   -1.640312E+00
   -1.648074E+00
   -1.670820E+00
   -1.707107E+00
   -1.754983E+00
   -1.812404E+00
   -1.877496E+00
   -1.948683E+00
   -2.024695E+00
   -2.104536E+00
   -1.707107E+00
   -1.714143E+00
   -1.734847E+00
   -1.768115E+00
   -1.812404E+00
   -1.866025E+00
   -1.927362E+00
   -1.994987E+00
   -2.067708E+00
   -2.144552E+00
   -1.781025E+00
   -1.787401E+00
   -1.806226E+00
   -1.836660E+00
   -1.877496E+00
   -1.927362E+00
   -1.984886E+00
   -2.048809E+00
   -2.118034E+00
   -2.191638E+00
   -1.860233E+00
   -1.866025E+00
   -1.883176E+00
   -1.911043E+00
   -1.948683E+00
   -1.994987E+00
   -2.048809E+00
   -2.109054E+00
   -2.174734E+00
   -2.244990E+00
   -1.943398E+00
   -1.948683E+00
   -1.964365E+00
   -1.989949E+00
   -2.024695E+00
   -2.067708E+00
   -2.118034E+00
   -2.174734E+00
   -2.236932E+00
   -2.303840E+00
   -2.029563E+00
   -2.034408E+00
   -2.048809E+00
   -2.072381E+00
   -2.104536E+00
   -2.144552E+00
   -2.191638E+00
   -2.244990E+00
   -2.303840E+00
   -2.367479E+00
   -1.600000E+00
   -1.608276E+00
   -1.632456E+00
   -1.670820E+00
   -1.721110E+00
   -1.781025E+00
   -1.848528E+00
   -1.921954E+00
   -2.000000E+00
   -2.081665E+00
   -1.608276E+00
   -1.616441E+00
   -1.640312E+00
   -1.678233E+00
   -1.728011E+00
   -1.787401E+00
   -1.854400E+00
   -1.927362E+00
   -2.004988E+00
   -2.086278E+00
   -1.632456E+00
   -1.640312E+00
   -1.663325E+00
   -1.700000E+00
   -1.748331E+00
   -1.806226E+00
   -1.871780E+00
   -1.943398E+00
   -2.019804E+00
   -2.100000E+00
   -1.670820E+00
   -1.678233E+00
   -1.700000E+00
   -1.734847E+00
   -1.781025E+00
   -1.836660E+00
   -1.900000E+00
   -1.969536E+00
   -2.044031E+00
   -2.122497E+00
   -1.721110E+00
   -1.728011E+00
   -1.748331E+00
   -1.781025E+00
   -1.824621E+00
   -1.877496E+00
   -1.938083E+00
   -2.004988E+00
   -2.077033E+00
   -2.153256E+00
   -1.781025E+00
   -1.787401E+00
   -1.806226E+00
   -1.836660E+00
   -1.877496E+00
   -1.927362E+00
   -1.984886E+00
   -2.048809E+00
   -2.118034E+00
   -2.191638E+00
   -1.848528E+00
   -1.854400E+00
   -1.871780E+00
   -1.900000E+00
   -1.938083E+00
   -1.984886E+00
   -2.039230E+00
   -2.100000E+00
   -2.166190E+00
   -2.236932E+00
   -1.921954E+00
   -1.927362E+00
   -1.943398E+00
   -1.969536E+00
   -2.004988E+00
   -2.048809E+00
   -2.100000E+00
   -2.157584E+00
   -2.220656E+00
   -2.288410E+00
   -2.000000E+00
   -2.004988E+00
   -2.019804E+00
   -2.044031E+00
   -2.077033E+00
   -2.118034E+00
   -2.166190E+00
   -2.220656E+00
   -2.280625E+00
   -2.345362E+00
   -2.081665E+00
   -2.086278E+00
   -2.100000E+00
   -2.122497E+00
   -2.153256E+00
   -2.191638E+00
   -2.236932E+00
   -2.288410E+00
   -2.345362E+00
   -2.407125E+00
   -1.700000E+00
   -1.707107E+00
   -1.728011E+00
   -1.761577E+00
   -1.806226E+00
   -1.860233E+00
   -1.921954E+00
   -1.989949E+00
   -2.063015E+00
   -2.140175E+00
   -1.707107E+00
   -1.714143E+00
   -1.734847E+00
   -1.768115E+00
   -1.812404E+00
   -1.866025E+00
   -1.927362E+00
   -1.994987E+00
   -2.067708E+00
   -2.144552E+00
   -1.728011E+00
   -1.734847E+00
   -1.754983E+00
   -1.787401E+00
   -1.830662E+00
   -1.883176E+00
   -1.943398E+00
   -2.009950E+00
   -2.081665E+00
   -2.157584E+00
   -1.761577E+00
   -1.768115E+00
   -1.787401E+00
   -1.818535E+00
   -1.860233E+00
   -1.911043E+00
   -1.969536E+00
   -2.034408E+00
   -2.104536E+00
   -2.178983E+00
   -1.806226E+00
   -1.812404E+00
   -1.830662E+00
   -1.860233E+00
   -1.900000E+00
   -1.948683E+00
   -2.004988E+00
   -2.067708E+00
   -2.135782E+00
   -2.208305E+00
   -1.860233E+00
   -1.866025E+00
   -1.883176E+00
   -1.911043E+00
   -1.948683E+00
   -1.994987E+00
   -2.048809E+00
   -2.109054E+00
   -2.174734E+00
   -2.244990E+00
   -1.921954E+00
   -1.927362E+00
   -1.943398E+00
   -1.969536E+00
   -2.004988E+00
   -2.048809E+00
   -2.100000E+00
   -2.157584E+00
   -2.220656E+00
   -2.288410E+00
   -1.989949E+00
   -1.994987E+00
   -2.009950E+00
   -2.034408E+00
   -2.067708E+00
   -2.109054E+00
   -2.157584E+00
   -2.212436E+00
   -2.272792E+00
   -2.337909E+00
   -2.063015E+00
   -2.067708E+00
   -2.081665E+00
   -2.104536E+00
   -2.135782E+00
   -2.174734E+00
   -2.220656E+00
   -2.272792E+00
   -2.330413E+00
   -2.392839E+00
   -2.140175E+00
   -2.144552E+00
   -2.157584E+00
   -2.178983E+00
   -2.208305E+00
   -2.244990E+00
   -2.288410E+00
   -2.337909E+00
   -2.392839E+00
   -2.452584E+00
   -1.800000E+00
   -1.806226E+00
   -1.824621E+00
   -1.854400E+00
   -1.894427E+00
   -1.943398E+00
   -2.000000E+00
   -2.063015E+00
   -2.131371E+00
   -2.204159E+00
   -1.806226E+00
   -1.812404E+00
   -1.830662E+00
   -1.860233E+00
   -1.900000E+00
   -1.948683E+00
   -2.004988E+00
   -2.067708E+00
   -2.135782E+00
   -2.208305E+00
   -1.824621E+00
   -1.830662E+00
   -1.848528E+00
   -1.877496E+00
   -1.916515E+00
   -1.964365E+00
   -2.019804E+00
   -2.081665E+00
   -2.148913E+00
   -2.220656E+00
   -1.854400E+00
   -1.860233E+00
   -1.877496E+00
   -1.905539E+00
   -1.943398E+00
   -1.989949E+00
   -2.044031E+00
   -2.104536E+00
   -2.170470E+00
   -2.240967E+00
   -1.894427E+00
   -1.900000E+00
   -1.916515E+00
   -1.943398E+00
   -1.979796E+00
   -2.024695E+00
   -2.077033E+00
   -2.135782E+00
   -2.200000E+00
   -2.268858E+00
   -1.943398E+00
   -1.948683E+00
   -1.964365E+00
   -1.989949E+00
   -2.024695E+00
   -2.067708E+00
   -2.118034E+00
   -2.174734E+00
   -2.236932E+00
   -2.303840E+00
   -2.000000E+00
   -2.004988E+00
   -2.019804E+00
   -2.044031E+00
   -2.077033E+00
   -2.118034E+00
   -2.166190E+00
   -2.220656E+00
   -2.280625E+00
   -2.345362E+00
   -2.063015E+00
   -2.067708E+00
   -2.081665E+00
   -2.104536E+00
   -2.135782E+00
   -2.174734E+00
   -2.220656E+00
   -2.272792E+00
   -2.330413E+00
   -2.392839E+00
   -2.131371E+00
   -2.135782E+00
   -2.148913E+00
   -2.170470E+00
   -2.200000E+00
   -2.236932E+00
   -2.280625E+00
   -2.330413E+00
   -2.385641E+00
   -2.445683E+00
   -2.204159E+00
   -2.208305E+00
   -2.220656E+00
   -2.240967E+00
   -2.268858E+00
   -2.303840E+00
   -2.345362E+00
   -2.392839E+00
   -2.445683E+00
   -2.503330E+00
   -1.900000E+00
   -1.905539E+00
   -1.921954E+00
   -1.948683E+00
   -1.984886E+00
   -2.029563E+00
   -2.081665E+00
   -2.140175E+00
   -2.204159E+00
   -2.272792E+00
   -1.905539E+00
   -1.911043E+00
   -1.927362E+00
   -1.953939E+00
   -1.989949E+00
   -2.034408E+00
   -2.086278E+00
   -2.144552E+00
   -2.208305E+00
   -2.276715E+00
   -1.921954E+00
   -1.927362E+00
   -1.943398E+00
   -1.969536E+00
   -2.004988E+00
   -2.048809E+00
   -2.100000E+00
   -2.157584E+00
   -2.220656E+00
   -2.288410E+00
   -1.948683E+00
   -1.953939E+00
   -1.969536E+00
   -1.994987E+00
   -2.029563E+00
   -2.072381E+00
   -2.122497E+00
   -2.178983E+00
   -2.240967E+00
   -2.307670E+00
   -1.984886E+00
   -1.989949E+00
   -2.004988E+00
   -2.029563E+00
   -2.063015E+00
   -2.104536E+00
   -2.153256E+00
   -2.208305E+00
   -2.268858E+00
   -2.334166E+00
   -2.029563E+00
   -2.034408E+00
   -2.048809E+00
   -2.072381E+00
   -2.104536E+00
   -2.144552E+00
   -2.191638E+00
   -2.244990E+00
   -2.303840E+00
   -2.367479E+00
   -2.081665E+00
   -2.086278E+00
   -2.100000E+00
   -2.122497E+00
   -2.153256E+00
   -2.191638E+00
   -2.236932E+00
   -2.288410E+00
   -2.345362E+00
   -2.407125E+00
   -2.140175E+00
   -2.144552E+00
   -2.157584E+00
   -2.178983E+00
   -2.208305E+00
   -2.244990E+00
   -2.288410E+00
   -2.337909E+00
   -2.392839E+00
   -2.452584E+00
   -2.204159E+00
   -2.208305E+00
   -2.220656E+00
   -2.240967E+00
   -2.268858E+00
   -2.303840E+00
   -2.345362E+00
   -2.392839E+00
   -2.445683E+00
   -2.503330E+00
   -2.272792E+00
   -2.276715E+00
   -2.288410E+00
   -2.307670E+00
   -2.334166E+00
   -2.367479E+00
   -2.407125E+00
   -2.452584E+00
   -2.503330E+00
   -2.558846E+00
