1.188402e-24
5.388751e+00
9.485117e+00
1.311638e+01
1.630137e+01
1.902052e+01
2.124974e+01
2.296581e+01
2.415349e+01
2.483423e+01
1.459495e-24
5.377565e+00
9.447584e+00
1.306676e+01
1.624313e+01
1.895444e+01
2.117573e+01
2.288306e+01
2.405946e+01
2.472301e+01
1.510626e-24
5.406487e+00
9.468120e+00
1.308000e+01
1.625021e+01
1.895541e+01
2.117019e+01
2.287045e+01
2.403939e+01
2.469705e+01
1.536075e-24
5.455630e+00
9.530633e+00
1.314605e+01
1.631559e+01
1.901785e+01
2.122842e+01
2.292397e+01
2.408879e+01
2.474457e+01
1.562112e-24
5.520813e+00
9.624132e+00
1.325365e+01
1.642914e+01
1.913264e+01
2.134189e+01
2.303516e+01
2.419819e+01
2.485400e+01
1.590884e-24
5.598294e+00
9.740368e+00
1.339248e+01
1.657999e+01
1.928888e+01
2.149978e+01
2.319312e+01
2.435625e+01
2.501348e+01
1.621274e-24
5.683889e+00
9.872060e+00
1.355294e+01
1.675701e+01
1.947457e+01
2.168967e+01
2.338525e+01
2.455035e+01
2.521037e+01
1.648672e-24
5.772836e+00
1.001274e+01
1.372608e+01
1.694896e+01
1.967689e+01
2.189787e+01
2.359760e+01
2.476688e+01
2.543159e+01
1.641986e-24
5.861090e+00
1.015907e+01
1.390467e+01
1.714510e+01
1.988290e+01
2.211021e+01
2.381564e+01
2.499213e+01
2.566566e+01
1.383786e-24
5.966142e+00
1.031828e+01
1.408670e+01
1.733895e+01
2.008399e+01
2.231690e+01
2.402850e+01
2.521511e+01
2.590900e+01
1.459495e-24
5.377565e+00
9.447584e+00
1.306676e+01
1.624313e+01
1.895444e+01
2.117573e+01
2.288306e+01
2.405946e+01
2.472301e+01
1.798227e-24
5.367692e+00
9.413613e+00
1.302224e+01
1.619115e+01
1.889559e+01
2.110982e+01
2.280923e+01
2.397526e+01
2.462309e+01
1.860030e-24
5.393274e+00
9.431444e+00
1.303386e+01
1.619753e+01
1.889661e+01
2.110496e+01
2.279781e+01
2.395680e+01
2.459911e+01
1.887954e-24
5.437793e+00
9.488963e+00
1.309552e+01
1.625928e+01
1.895612e+01
2.116082e+01
2.284941e+01
2.400458e+01
2.464510e+01
1.916553e-24
5.498167e+00
9.576734e+00
1.319763e+01
1.636790e+01
1.906657e+01
2.127050e+01
2.295724e+01
2.411089e+01
2.475144e+01
1.948688e-24
5.570905e+00
9.687026e+00
1.333048e+01
1.651314e+01
1.921771e+01
2.142377e+01
2.311098e+01
2.426499e+01
2.490690e+01
1.982891e-24
5.651796e+00
9.812660e+00
1.348466e+01
1.668412e+01
1.939774e+01
2.160841e+01
2.329821e+01
2.445439e+01
2.509897e+01
2.012973e-24
5.735743e+00
9.946869e+00
1.365100e+01
1.686936e+01
1.959363e+01
2.181048e+01
2.350470e+01
2.466517e+01
2.531421e+01
1.997597e-24
5.817354e+00
1.008491e+01
1.382085e+01
1.705673e+01
1.979098e+01
2.201432e+01
2.371433e+01
2.488195e+01
2.553925e+01
1.663070e-24
5.910102e+00
1.022961e+01
1.398775e+01
1.723523e+01
1.997659e+01
2.220539e+01
2.391134e+01
2.508853e+01
2.576453e+01
1.510626e-24
5.406487e+00
9.468120e+00
1.308000e+01
1.625021e+01
1.895541e+01
2.117019e+01
2.287045e+01
2.403939e+01
2.469705e+01
1.860030e-24
5.393274e+00
9.431444e+00
1.303386e+01
1.619753e+01
1.889661e+01
2.110496e+01
2.279781e+01
2.395680e+01
2.459911e+01
1.921796e-24
5.414707e+00
9.444923e+00
1.304191e+01
1.620125e+01
1.889577e+01
2.109890e+01
2.278571e+01
2.393806e+01
2.457509e+01
1.947784e-24
5.454605e+00
9.496905e+00
1.309839e+01
1.625853e+01
1.895156e+01
2.115169e+01
2.283476e+01
2.398364e+01
2.461902e+01
1.974667e-24
5.510469e+00
9.578776e+00
1.319453e+01
1.636167e+01
1.905717e+01
2.125712e+01
2.293882e+01
2.408648e+01
2.472200e+01
2.005501e-24
5.578995e+00
9.683236e+00
1.332119e+01
1.650098e+01
1.920285e+01
2.140545e+01
2.308805e+01
2.423634e+01
2.487330e+01
2.038656e-24
5.655941e+00
9.803230e+00
1.346921e+01
1.666587e+01
1.937714e+01
2.158476e+01
2.327029e+01
2.442097e+01
2.506063e+01
2.067389e-24
5.736003e+00
9.931898e+00
1.362942e+01
1.684494e+01
1.956706e+01
2.178115e+01
2.347134e+01
2.462643e+01
2.527052e+01
2.048010e-24
5.813447e+00
1.006432e+01
1.379308e+01
1.702600e+01
1.975818e+01
2.197889e+01
2.367499e+01
2.483721e+01
2.548940e+01
1.700651e-24
5.902334e+00
1.020401e+01
1.395452e+01
1.719890e+01
1.993817e+01
2.216433e+01
2.386633e+01
2.503799e+01
2.570853e+01
1.536075e-24
5.455630e+00
9.530633e+00
1.314605e+01
1.631559e+01
1.901785e+01
2.122842e+01
2.292397e+01
2.408879e+01
2.474457e+01
1.887954e-24
5.437793e+00
9.488963e+00
1.309552e+01
1.625928e+01
1.895612e+01
2.116082e+01
2.284941e+01
2.400458e+01
2.464510e+01
1.947784e-24
5.454605e+00
9.496905e+00
1.309839e+01
1.625853e+01
1.895156e+01
2.115169e+01
2.283476e+01
2.398364e+01
2.461902e+01
1.971123e-24
5.489656e+00
9.542764e+00
1.314879e+01
1.631034e+01
1.900260e+01
2.120041e+01
2.288026e+01
2.402602e+01
2.465992e+01
1.995563e-24
5.540836e+00
9.618405e+00
1.323845e+01
1.640739e+01
1.910274e+01
2.130100e+01
2.298001e+01
2.412490e+01
2.475909e+01
2.024309e-24
5.605071e+00
9.716918e+00
1.335870e+01
1.654048e+01
1.924268e+01
2.144413e+01
2.312450e+01
2.427034e+01
2.490609e+01
2.055690e-24
5.678196e+00
9.831477e+00
1.350070e+01
1.669939e+01
1.941134e+01
2.161823e+01
2.330192e+01
2.445040e+01
2.508895e+01
2.082829e-24
5.754939e+00
9.955396e+00
1.365559e+01
1.687310e+01
1.959611e+01
2.180977e+01
2.349840e+01
2.465147e+01
2.529450e+01
2.061646e-24
5.829743e+00
1.008412e+01
1.381510e+01
1.704992e+01
1.978309e+01
2.200356e+01
2.369825e+01
2.485855e+01
2.550968e+01
1.711217e-24
5.917444e+00
1.022205e+01
1.397451e+01
1.722070e+01
1.996098e+01
2.218694e+01
2.388758e+01
2.505732e+01
2.572682e+01
1.562112e-24
5.520813e+00
9.624132e+00
1.325365e+01
1.642914e+01
1.913264e+01
2.134189e+01
2.303516e+01
2.419819e+01
2.485400e+01
1.916553e-24
5.498167e+00
9.576734e+00
1.319763e+01
1.636790e+01
1.906657e+01
2.127050e+01
2.295724e+01
2.411089e+01
2.475144e+01
1.974667e-24
5.510469e+00
9.578776e+00
1.319453e+01
1.636167e+01
1.905717e+01
2.125712e+01
2.293882e+01
2.408648e+01
2.472200e+01
1.995563e-24
5.540836e+00
9.618405e+00
1.323845e+01
1.640739e+01
1.910274e+01
2.130100e+01
2.298001e+01
2.412490e+01
2.475909e+01
2.017609e-24
5.587436e+00
9.687822e+00
1.332148e+01
1.649807e+01
1.919707e+01
2.139638e+01
2.307507e+01
2.421946e+01
2.485408e+01
2.044215e-24
5.647467e+00
9.780501e+00
1.343538e+01
1.662495e+01
1.933126e+01
2.153430e+01
2.321483e+01
2.436049e+01
2.499682e+01
2.073771e-24
5.716947e+00
9.889933e+00
1.357172e+01
1.677826e+01
1.949465e+01
2.170357e+01
2.338782e+01
2.453641e+01
2.517566e+01
2.099396e-24
5.790771e+00
1.000975e+01
1.372205e+01
1.694740e+01
1.967510e+01
2.189113e+01
2.358063e+01
2.473403e+01
2.537784e+01
2.076812e-24
5.863668e+00
1.013586e+01
1.387865e+01
1.712128e+01
1.985929e+01
2.208233e+01
2.377810e+01
2.493886e+01
2.559085e+01
1.723592e-24
5.951100e+00
1.027330e+01
1.403742e+01
1.729140e+01
2.003655e+01
2.226516e+01
2.396694e+01
2.513723e+01
2.580769e+01
1.590884e-24
5.598294e+00
9.740368e+00
1.339248e+01
1.657999e+01
1.928888e+01
2.149978e+01
2.319312e+01
2.435625e+01
2.501348e+01
1.948688e-24
5.570905e+00
9.687026e+00
1.333048e+01
1.651314e+01
1.921771e+01
2.142377e+01
2.311098e+01
2.426499e+01
2.490690e+01
2.005501e-24
5.578995e+00
9.683236e+00
1.332119e+01
1.650098e+01
1.920285e+01
2.140545e+01
2.308805e+01
2.423634e+01
2.487330e+01
2.024309e-24
5.605071e+00
9.716918e+00
1.335870e+01
1.654048e+01
1.924268e+01
2.144413e+01
2.312450e+01
2.427034e+01
2.490609e+01
2.044215e-24
5.647467e+00
9.780501e+00
1.343538e+01
1.662495e+01
1.933126e+01
2.153430e+01
2.321483e+01
2.436049e+01
2.499682e+01
2.068850e-24
5.703640e+00
9.867804e+00
1.354339e+01
1.674604e+01
1.946005e+01
2.166732e+01
2.335015e+01
2.449740e+01
2.513557e+01
2.096709e-24
5.769834e+00
9.972661e+00
1.367471e+01
1.689438e+01
1.961882e+01
2.183241e+01
2.351936e+01
2.466983e+01
2.531103e+01
2.120946e-24
5.841167e+00
1.008907e+01
1.382132e+01
1.705986e+01
1.979587e+01
2.201690e+01
2.370944e+01
2.486496e+01
2.551082e+01
2.097027e-24
5.912660e+00
1.021337e+01
1.397597e+01
1.723187e+01
1.997836e+01
2.220663e+01
2.390565e+01
2.506871e+01
2.572284e+01
1.740287e-24
6.000352e+00
1.035113e+01
1.413503e+01
1.740229e+01
2.015599e+01
2.238991e+01
2.409502e+01
2.526770e+01
2.594046e+01
1.621274e-24
5.683889e+00
9.872060e+00
1.355294e+01
1.675701e+01
1.947457e+01
2.168967e+01
2.338525e+01
2.455035e+01
2.521037e+01
1.982891e-24
5.651796e+00
9.812660e+00
1.348466e+01
1.668412e+01
1.939774e+01
2.160841e+01
2.329821e+01
2.445439e+01
2.509897e+01
2.038656e-24
5.655941e+00
9.803230e+00
1.346921e+01
1.666587e+01
1.937714e+01
2.158476e+01
2.327029e+01
2.442097e+01
2.506063e+01
2.055690e-24
5.678196e+00
9.831477e+00
1.350070e+01
1.669939e+01
1.941134e+01
2.161823e+01
2.330192e+01
2.445040e+01
2.508895e+01
2.073771e-24
5.716947e+00
9.889933e+00
1.357172e+01
1.677826e+01
1.949465e+01
2.170357e+01
2.338782e+01
2.453641e+01
2.517566e+01
2.096709e-24
5.769834e+00
9.972661e+00
1.367471e+01
1.689438e+01
1.961882e+01
2.183241e+01
2.351936e+01
2.466983e+01
2.531103e+01
2.123107e-24
5.833322e+00
1.007382e+01
1.380201e+01
1.703881e+01
1.977398e+01
2.199428e+01
2.368573e+01
2.483969e+01
2.548403e+01
2.146184e-24
5.902778e+00
1.018777e+01
1.394604e+01
1.720183e+01
1.994885e+01
2.217693e+01
2.387428e+01
2.503353e+01
2.568263e+01
2.121102e-24
5.973505e+00
1.031128e+01
1.409994e+01
1.737322e+01
2.013093e+01
2.236647e+01
2.407054e+01
2.523752e+01
2.589499e+01
1.760370e-24
6.062052e+00
1.045023e+01
1.426029e+01
1.754501e+01
2.031000e+01
2.255128e+01
2.426153e+01
2.543823e+01
2.611454e+01
1.648672e-24
5.772836e+00
1.001274e+01
1.372608e+01
1.694896e+01
1.967689e+01
2.189787e+01
2.359760e+01
2.476688e+01
2.543159e+01
2.012973e-24
5.735743e+00
9.946869e+00
1.365100e+01
1.686936e+01
1.959363e+01
2.181048e+01
2.350470e+01
2.466517e+01
2.531421e+01
2.067389e-24
5.736003e+00
9.931898e+00
1.362942e+01
1.684494e+01
1.956706e+01
2.178115e+01
2.347134e+01
2.462643e+01
2.527052e+01
2.082829e-24
5.754939e+00
9.955396e+00
1.365559e+01
1.687310e+01
1.959611e+01
2.180977e+01
2.349840e+01
2.465147e+01
2.529450e+01
2.099396e-24
5.790771e+00
1.000975e+01
1.372205e+01
1.694740e+01
1.967510e+01
2.189113e+01
2.358063e+01
2.473403e+01
2.537784e+01
2.120946e-24
5.841167e+00
1.008907e+01
1.382132e+01
1.705986e+01
1.979587e+01
2.201690e+01
2.370944e+01
2.486496e+01
2.551082e+01
2.146184e-24
5.902778e+00
1.018777e+01
1.394604e+01
1.720183e+01
1.994885e+01
2.217693e+01
2.387428e+01
2.503353e+01
2.568263e+01
2.168487e-24
5.971286e+00
1.030067e+01
1.408909e+01
1.736408e+01
2.012320e+01
2.235935e+01
2.406289e+01
2.522765e+01
2.588162e+01
2.142976e-24
6.042372e+00
1.042497e+01
1.424406e+01
1.753674e+01
2.030678e+01
2.255062e+01
2.426109e+01
2.543380e+01
2.609629e+01
1.779340e-24
6.132895e+00
1.056664e+01
1.440739e+01
1.771164e+01
2.048906e+01
2.273872e+01
2.445549e+01
2.563806e+01
2.631969e+01
1.641986e-24
5.861090e+00
1.015907e+01
1.390467e+01
1.714510e+01
1.988290e+01
2.211021e+01
2.381564e+01
2.499213e+01
2.566566e+01
1.997597e-24
5.817354e+00
1.008491e+01
1.382085e+01
1.705673e+01
1.979098e+01
2.201432e+01
2.371433e+01
2.488195e+01
2.553925e+01
2.048010e-24
5.813447e+00
1.006432e+01
1.379308e+01
1.702600e+01
1.975818e+01
2.197889e+01
2.367499e+01
2.483721e+01
2.548940e+01
2.061646e-24
5.829743e+00
1.008412e+01
1.381510e+01
1.704992e+01
1.978309e+01
2.200356e+01
2.369825e+01
2.485855e+01
2.550968e+01
2.076812e-24
5.863668e+00
1.013586e+01
1.387865e+01
1.712128e+01
1.985929e+01
2.208233e+01
2.377810e+01
2.493886e+01
2.559085e+01
2.097027e-24
5.912660e+00
1.021337e+01
1.397597e+01
1.723187e+01
1.997836e+01
2.220663e+01
2.390565e+01
2.506871e+01
2.572284e+01
2.121102e-24
5.973505e+00
1.031128e+01
1.409994e+01
1.737322e+01
2.013093e+01
2.236647e+01
2.407054e+01
2.523752e+01
2.589499e+01
2.142976e-24
6.042372e+00
1.042497e+01
1.424406e+01
1.753674e+01
2.030678e+01
2.255062e+01
2.426109e+01
2.543380e+01
2.609629e+01
2.119907e-24
6.115881e+00
1.055271e+01
1.440294e+01
1.771359e+01
2.049474e+01
2.274646e+01
2.446408e+01
2.564500e+01
2.631632e+01
1.764980e-24
6.211480e+00
1.070087e+01
1.457324e+01
1.789566e+01
2.068431e+01
2.294198e+01
2.466604e+01
2.585710e+01
2.654818e+01
1.383786e-24
5.966142e+00
1.031828e+01
1.408670e+01
1.733895e+01
2.008399e+01
2.231690e+01
2.402850e+01
2.521511e+01
2.590900e+01
1.663070e-24
5.910102e+00
1.022961e+01
1.398775e+01
1.723523e+01
1.997659e+01
2.220539e+01
2.391134e+01
2.508853e+01
2.576453e+01
1.700651e-24
5.902334e+00
1.020401e+01
1.395452e+01
1.719890e+01
1.993817e+01
2.216433e+01
2.386633e+01
2.503799e+01
2.570853e+01
1.711217e-24
5.917444e+00
1.022205e+01
1.397451e+01
1.722070e+01
1.996098e+01
2.218694e+01
2.388758e+01
2.505732e+01
2.572682e+01
1.723592e-24
5.951100e+00
1.027330e+01
1.403742e+01
1.729140e+01
2.003655e+01
2.226516e+01
2.396694e+01
2.513723e+01
2.580769e+01
1.740287e-24
6.000352e+00
1.035113e+01
1.413503e+01
1.740229e+01
2.015599e+01
2.238991e+01
2.409502e+01
2.526770e+01
2.594046e+01
1.760370e-24
6.062052e+00
1.045023e+01
1.426029e+01
1.754501e+01
2.031000e+01
2.255128e+01
2.426153e+01
2.543823e+01
2.611454e+01
1.779340e-24
6.132895e+00
1.056664e+01
1.440739e+01
1.771164e+01
2.048906e+01
2.273872e+01
2.445549e+01
2.563806e+01
2.631969e+01
1.764980e-24
6.211480e+00
1.070087e+01
1.457324e+01
1.789566e+01
2.068431e+01
2.294198e+01
2.466604e+01
2.585710e+01
2.654818e+01
1.487941e-24
6.321389e+00
1.086586e+01
1.476104e+01
1.809549e+01
2.089184e+01
2.315567e+01
2.488646e+01
2.608828e+01
2.680110e+01
