    1.188402E-24
    5.388751E+00
    9.485117E+00
    1.311638E+01
    1.630137E+01
    1.902052E+01
    2.124974E+01
    2.296581E+01
    2.415349E+01
    2.483423E+01
    1.459495E-24
    5.377565E+00
    9.447584E+00
    1.306676E+01
    1.624313E+01
    1.895444E+01
    2.117573E+01
    2.288306E+01
    2.405946E+01
    2.472301E+01
    1.510626E-24
    5.406487E+00
    9.468120E+00
    1.308000E+01
    1.625021E+01
    1.895541E+01
    2.117019E+01
    2.287045E+01
    2.403939E+01
    2.469705E+01
    1.536075E-24
    5.455630E+00
    9.530633E+00
    1.314605E+01
    1.631559E+01
    1.901785E+01
    2.122842E+01
    2.292397E+01
    2.408879E+01
    2.474457E+01
    1.562112E-24
    5.520813E+00
    9.624132E+00
    1.325365E+01
    1.642914E+01
    1.913264E+01
    2.134189E+01
    2.303516E+01
    2.419819E+01
    2.485400E+01
    1.590884E-24
    5.598294E+00
    9.740368E+00
    1.339248E+01
    1.657999E+01
    1.928888E+01
    2.149978E+01
    2.319312E+01
    2.435625E+01
    2.501348E+01
    1.621274E-24
    5.683889E+00
    9.872060E+00
    1.355294E+01
    1.675701E+01
    1.947457E+01
    2.168967E+01
    2.338525E+01
    2.455035E+01
    2.521037E+01
    1.648672E-24
    5.772836E+00
    1.001274E+01
    1.372608E+01
    1.694896E+01
    1.967689E+01
    2.189787E+01
    2.359760E+01
    2.476688E+01
    2.543159E+01
    1.641986E-24
    5.861090E+00
    1.015907E+01
    1.390467E+01
    1.714510E+01
    1.988290E+01
    2.211021E+01
    2.381564E+01
    2.499213E+01
    2.566566E+01
    1.383786E-24
    5.966142E+00
    1.031828E+01
    1.408670E+01
    1.733895E+01
    2.008399E+01
    2.231690E+01
    2.402850E+01
    2.521511E+01
    2.590900E+01
    1.459495E-24
    5.377565E+00
    9.447584E+00
    1.306676E+01
    1.624313E+01
    1.895444E+01
    2.117573E+01
    2.288306E+01
    2.405946E+01
    2.472301E+01
    1.798227E-24
    5.367692E+00
    9.413613E+00
    1.302224E+01
    1.619115E+01
    1.889559E+01
    2.110982E+01
    2.280923E+01
    2.397526E+01
    2.462309E+01
    1.860030E-24
    5.393274E+00
    9.431444E+00
    1.303386E+01
    1.619753E+01
    1.889661E+01
    2.110496E+01
    2.279781E+01
    2.395680E+01
    2.459911E+01
    1.887954E-24
    5.437793E+00
    9.488963E+00
    1.309552E+01
    1.625928E+01
    1.895612E+01
    2.116082E+01
    2.284941E+01
    2.400458E+01
    2.464510E+01
    1.916553E-24
    5.498167E+00
    9.576734E+00
    1.319763E+01
    1.636790E+01
    1.906657E+01
    2.127050E+01
    2.295724E+01
    2.411089E+01
    2.475144E+01
    1.948688E-24
    5.570905E+00
    9.687026E+00
    1.333048E+01
    1.651314E+01
    1.921771E+01
    2.142377E+01
    2.311098E+01
    2.426499E+01
    2.490690E+01
    1.982891E-24
    5.651796E+00
    9.812660E+00
    1.348466E+01
    1.668412E+01
    1.939774E+01
    2.160841E+01
    2.329821E+01
    2.445439E+01
    2.509897E+01
    2.012973E-24
    5.735743E+00
    9.946869E+00
    1.365100E+01
    1.686936E+01
    1.959363E+01
    2.181048E+01
    2.350470E+01
    2.466517E+01
    2.531421E+01
    1.997597E-24
    5.817354E+00
    1.008491E+01
    1.382085E+01
    1.705673E+01
    1.979098E+01
    2.201432E+01
    2.371433E+01
    2.488195E+01
    2.553925E+01
    1.663070E-24
    5.910102E+00
    1.022961E+01
    1.398775E+01
    1.723523E+01
    1.997659E+01
    2.220539E+01
    2.391134E+01
    2.508853E+01
    2.576453E+01
    1.510626E-24
    5.406487E+00
    9.468120E+00
    1.308000E+01
    1.625021E+01
    1.895541E+01
    2.117019E+01
    2.287045E+01
    2.403939E+01
    2.469705E+01
    1.860030E-24
    5.393274E+00
    9.431444E+00
    1.303386E+01
    1.619753E+01
    1.889661E+01
    2.110496E+01
    2.279781E+01
    2.395680E+01
    2.459911E+01
    1.921796E-24
    5.414707E+00
    9.444923E+00
    1.304191E+01
    1.620125E+01
    1.889577E+01
    2.109890E+01
    2.278571E+01
    2.393806E+01
    2.457509E+01
    1.947784E-24
    5.454605E+00
    9.496905E+00
    1.309839E+01
    1.625853E+01
    1.895156E+01
    2.115169E+01
    2.283476E+01
    2.398364E+01
    2.461902E+01
    1.974667E-24
    5.510469E+00
    9.578776E+00
    1.319453E+01
    1.636167E+01
    1.905717E+01
    2.125712E+01
    2.293882E+01
    2.408648E+01
    2.472200E+01
    2.005501E-24
    5.578995E+00
    9.683236E+00
    1.332119E+01
    1.650098E+01
    1.920285E+01
    2.140545E+01
    2.308805E+01
    2.423634E+01
    2.487330E+01
    2.038656E-24
    5.655941E+00
    9.803230E+00
    1.346921E+01
    1.666587E+01
    1.937714E+01
    2.158476E+01
    2.327029E+01
    2.442097E+01
    2.506063E+01
    2.067389E-24
    5.736003E+00
    9.931898E+00
    1.362942E+01
    1.684494E+01
    1.956706E+01
    2.178115E+01
    2.347134E+01
    2.462643E+01
    2.527052E+01
    2.048010E-24
    5.813447E+00
    1.006432E+01
    1.379308E+01
    1.702600E+01
    1.975818E+01
    2.197889E+01
    2.367499E+01
    2.483721E+01
    2.548940E+01
    1.700651E-24
    5.902334E+00
    1.020401E+01
    1.395452E+01
    1.719890E+01
    1.993817E+01
    2.216433E+01
    2.386633E+01
    2.503799E+01
    2.570853E+01
    1.536075E-24
    5.455630E+00
    9.530633E+00
    1.314605E+01
    1.631559E+01
    1.901785E+01
    2.122842E+01
    2.292397E+01
    2.408879E+01
    2.474457E+01
    1.887954E-24
    5.437793E+00
    9.488963E+00
    1.309552E+01
    1.625928E+01
    1.895612E+01
    2.116082E+01
    2.284941E+01
    2.400458E+01
    2.464510E+01
    1.947784E-24
    5.454605E+00
    9.496905E+00
    1.309839E+01
    1.625853E+01
    1.895156E+01
    2.115169E+01
    2.283476E+01
    2.398364E+01
    2.461902E+01
    1.971123E-24
    5.489656E+00
    9.542764E+00
    1.314879E+01
    1.631034E+01
    1.900260E+01
    2.120041E+01
    2.288026E+01
    2.402602E+01
    2.465992E+01
    1.995563E-24
    5.540836E+00
    9.618405E+00
    1.323845E+01
    1.640739E+01
    1.910274E+01
    2.130100E+01
    2.298001E+01
    2.412490E+01
    2.475909E+01
    2.024309E-24
    5.605071E+00
    9.716918E+00
    1.335870E+01
    1.654048E+01
    1.924268E+01
    2.144413E+01
    2.312450E+01
    2.427034E+01
    2.490609E+01
    2.055690E-24
    5.678196E+00
    9.831477E+00
    1.350070E+01
    1.669939E+01
    1.941134E+01
    2.161823E+01
    2.330192E+01
    2.445040E+01
    2.508895E+01
    2.082829E-24
    5.754939E+00
    9.955396E+00
    1.365559E+01
    1.687310E+01
    1.959611E+01
    2.180977E+01
    2.349840E+01
    2.465147E+01
    2.529450E+01
    2.061646E-24
    5.829743E+00
    1.008412E+01
    1.381510E+01
    1.704992E+01
    1.978309E+01
    2.200356E+01
    2.369825E+01
    2.485855E+01
    2.550968E+01
    1.711217E-24
    5.917444E+00
    1.022205E+01
    1.397451E+01
    1.722070E+01
    1.996098E+01
    2.218694E+01
    2.388758E+01
    2.505732E+01
    2.572682E+01
    1.562112E-24
    5.520813E+00
    9.624132E+00
    1.325365E+01
    1.642914E+01
    1.913264E+01
    2.134189E+01
    2.303516E+01
    2.419819E+01
    2.485400E+01
    1.916553E-24
    5.498167E+00
    9.576734E+00
    1.319763E+01
    1.636790E+01
    1.906657E+01
    2.127050E+01
    2.295724E+01
    2.411089E+01
    2.475144E+01
    1.974667E-24
    5.510469E+00
    9.578776E+00
    1.319453E+01
    1.636167E+01
    1.905717E+01
    2.125712E+01
    2.293882E+01
    2.408648E+01
    2.472200E+01
    1.995563E-24
    5.540836E+00
    9.618405E+00
    1.323845E+01
    1.640739E+01
    1.910274E+01
    2.130100E+01
    2.298001E+01
    2.412490E+01
    2.475909E+01
    2.017609E-24
    5.587436E+00
    9.687822E+00
    1.332148E+01
    1.649807E+01
    1.919707E+01
    2.139638E+01
    2.307507E+01
    2.421946E+01
    2.485408E+01
    2.044215E-24
    5.647467E+00
    9.780501E+00
    1.343538E+01
    1.662495E+01
    1.933126E+01
    2.153430E+01
    2.321483E+01
    2.436049E+01
    2.499682E+01
    2.073771E-24
    5.716947E+00
    9.889933E+00
    1.357172E+01
    1.677826E+01
    1.949465E+01
    2.170357E+01
    2.338782E+01
    2.453641E+01
    2.517566E+01
    2.099396E-24
    5.790771E+00
    1.000975E+01
    1.372205E+01
    1.694740E+01
    1.967510E+01
    2.189113E+01
    2.358063E+01
    2.473403E+01
    2.537784E+01
    2.076812E-24
    5.863668E+00
    1.013586E+01
    1.387865E+01
    1.712128E+01
    1.985929E+01
    2.208233E+01
    2.377810E+01
    2.493886E+01
    2.559085E+01
    1.723592E-24
    5.951100E+00
    1.027330E+01
    1.403742E+01
    1.729140E+01
    2.003655E+01
    2.226516E+01
    2.396694E+01
    2.513723E+01
    2.580769E+01
    1.590884E-24
    5.598294E+00
    9.740368E+00
    1.339248E+01
    1.657999E+01
    1.928888E+01
    2.149978E+01
    2.319312E+01
    2.435625E+01
    2.501348E+01
    1.948688E-24
    5.570905E+00
    9.687026E+00
    1.333048E+01
    1.651314E+01
    1.921771E+01
    2.142377E+01
    2.311098E+01
    2.426499E+01
    2.490690E+01
    2.005501E-24
    5.578995E+00
    9.683236E+00
    1.332119E+01
    1.650098E+01
    1.920285E+01
    2.140545E+01
    2.308805E+01
    2.423634E+01
    2.487330E+01
    2.024309E-24
    5.605071E+00
    9.716918E+00
    1.335870E+01
    1.654048E+01
    1.924268E+01
    2.144413E+01
    2.312450E+01
    2.427034E+01
    2.490609E+01
    2.044215E-24
    5.647467E+00
    9.780501E+00
    1.343538E+01
    1.662495E+01
    1.933126E+01
    2.153430E+01
    2.321483E+01
    2.436049E+01
    2.499682E+01
    2.068850E-24
    5.703640E+00
    9.867804E+00
    1.354339E+01
    1.674604E+01
    1.946005E+01
    2.166732E+01
    2.335015E+01
    2.449740E+01
    2.513557E+01
    2.096709E-24
    5.769834E+00
    9.972661E+00
    1.367471E+01
    1.689438E+01
    1.961882E+01
    2.183241E+01
    2.351936E+01
    2.466983E+01
    2.531103E+01
    2.120946E-24
    5.841167E+00
    1.008907E+01
    1.382132E+01
    1.705986E+01
    1.979587E+01
    2.201690E+01
    2.370944E+01
    2.486496E+01
    2.551082E+01
    2.097027E-24
    5.912660E+00
    1.021337E+01
    1.397597E+01
    1.723187E+01
    1.997836E+01
    2.220663E+01
    2.390565E+01
    2.506871E+01
    2.572284E+01
    1.740287E-24
    6.000352E+00
    1.035113E+01
    1.413503E+01
    1.740229E+01
    2.015599E+01
    2.238991E+01
    2.409502E+01
    2.526770E+01
    2.594046E+01
    1.621274E-24
    5.683889E+00
    9.872060E+00
    1.355294E+01
    1.675701E+01
    1.947457E+01
    2.168967E+01
    2.338525E+01
    2.455035E+01
    2.521037E+01
    1.982891E-24
    5.651796E+00
    9.812660E+00
    1.348466E+01
    1.668412E+01
    1.939774E+01
    2.160841E+01
    2.329821E+01
    2.445439E+01
    2.509897E+01
    2.038656E-24
    5.655941E+00
    9.803230E+00
    1.346921E+01
    1.666587E+01
    1.937714E+01
    2.158476E+01
    2.327029E+01
    2.442097E+01
    2.506063E+01
    2.055690E-24
    5.678196E+00
    9.831477E+00
    1.350070E+01
    1.669939E+01
    1.941134E+01
    2.161823E+01
    2.330192E+01
    2.445040E+01
    2.508895E+01
    2.073771E-24
    5.716947E+00
    9.889933E+00
    1.357172E+01
    1.677826E+01
    1.949465E+01
    2.170357E+01
    2.338782E+01
    2.453641E+01
    2.517566E+01
    2.096709E-24
    5.769834E+00
    9.972661E+00
    1.367471E+01
    1.689438E+01
    1.961882E+01
    2.183241E+01
    2.351936E+01
    2.466983E+01
    2.531103E+01
    2.123107E-24
    5.833322E+00
    1.007382E+01
    1.380201E+01
    1.703881E+01
    1.977398E+01
    2.199428E+01
    2.368573E+01
    2.483969E+01
    2.548403E+01
    2.146184E-24
    5.902778E+00
    1.018777E+01
    1.394604E+01
    1.720183E+01
    1.994885E+01
    2.217693E+01
    2.387428E+01
    2.503353E+01
    2.568263E+01
    2.121102E-24
    5.973505E+00
    1.031128E+01
    1.409994E+01
    1.737322E+01
    2.013093E+01
    2.236647E+01
    2.407054E+01
    2.523752E+01
    2.589499E+01
    1.760370E-24
    6.062052E+00
    1.045023E+01
    1.426029E+01
    1.754501E+01
    2.031000E+01
    2.255128E+01
    2.426153E+01
    2.543823E+01
    2.611454E+01
    1.648672E-24
    5.772836E+00
    1.001274E+01
    1.372608E+01
    1.694896E+01
    1.967689E+01
    2.189787E+01
    2.359760E+01
    2.476688E+01
    2.543159E+01
    2.012973E-24
    5.735743E+00
    9.946869E+00
    1.365100E+01
    1.686936E+01
    1.959363E+01
    2.181048E+01
    2.350470E+01
    2.466517E+01
    2.531421E+01
    2.067389E-24
    5.736003E+00
    9.931898E+00
    1.362942E+01
    1.684494E+01
    1.956706E+01
    2.178115E+01
    2.347134E+01
    2.462643E+01
    2.527052E+01
    2.082829E-24
    5.754939E+00
    9.955396E+00
    1.365559E+01
    1.687310E+01
    1.959611E+01
    2.180977E+01
    2.349840E+01
    2.465147E+01
    2.529450E+01
    2.099396E-24
    5.790771E+00
    1.000975E+01
    1.372205E+01
    1.694740E+01
    1.967510E+01
    2.189113E+01
    2.358063E+01
    2.473403E+01
    2.537784E+01
    2.120946E-24
    5.841167E+00
    1.008907E+01
    1.382132E+01
    1.705986E+01
    1.979587E+01
    2.201690E+01
    2.370944E+01
    2.486496E+01
    2.551082E+01
    2.146184E-24
    5.902778E+00
    1.018777E+01
    1.394604E+01
    1.720183E+01
    1.994885E+01
    2.217693E+01
    2.387428E+01
    2.503353E+01
    2.568263E+01
    2.168487E-24
    5.971286E+00
    1.030067E+01
    1.408909E+01
    1.736408E+01
    2.012320E+01
    2.235935E+01
    2.406289E+01
    2.522765E+01
    2.588162E+01
    2.142976E-24
    6.042372E+00
    1.042497E+01
    1.424406E+01
    1.753674E+01
    2.030678E+01
    2.255062E+01
    2.426109E+01
    2.543380E+01
    2.609629E+01
    1.779340E-24
    6.132895E+00
    1.056664E+01
    1.440739E+01
    1.771164E+01
    2.048906E+01
    2.273872E+01
    2.445549E+01
    2.563806E+01
    2.631969E+01
    1.641986E-24
    5.861090E+00
    1.015907E+01
    1.390467E+01
    1.714510E+01
    1.988290E+01
    2.211021E+01
    2.381564E+01
    2.499213E+01
    2.566566E+01
    1.997597E-24
    5.817354E+00
    1.008491E+01
    1.382085E+01
    1.705673E+01
    1.979098E+01
    2.201432E+01
    2.371433E+01
    2.488195E+01
    2.553925E+01
    2.048010E-24
    5.813447E+00
    1.006432E+01
    1.379308E+01
    1.702600E+01
    1.975818E+01
    2.197889E+01
    2.367499E+01
    2.483721E+01
    2.548940E+01
    2.061646E-24
    5.829743E+00
    1.008412E+01
    1.381510E+01
    1.704992E+01
    1.978309E+01
    2.200356E+01
    2.369825E+01
    2.485855E+01
    2.550968E+01
    2.076812E-24
    5.863668E+00
    1.013586E+01
    1.387865E+01
    1.712128E+01
    1.985929E+01
    2.208233E+01
    2.377810E+01
    2.493886E+01
    2.559085E+01
    2.097027E-24
    5.912660E+00
    1.021337E+01
    1.397597E+01
    1.723187E+01
    1.997836E+01
    2.220663E+01
    2.390565E+01
    2.506871E+01
    2.572284E+01
    2.121102E-24
    5.973505E+00
    1.031128E+01
    1.409994E+01
    1.737322E+01
    2.013093E+01
    2.236647E+01
    2.407054E+01
    2.523752E+01
    2.589499E+01
    2.142976E-24
    6.042372E+00
    1.042497E+01
    1.424406E+01
    1.753674E+01
    2.030678E+01
    2.255062E+01
    2.426109E+01
    2.543380E+01
    2.609629E+01
    2.119907E-24
    6.115881E+00
    1.055271E+01
    1.440294E+01
    1.771359E+01
    2.049474E+01
    2.274646E+01
    2.446408E+01
    2.564500E+01
    2.631632E+01
    1.764980E-24
    6.211480E+00
    1.070087E+01
    1.457324E+01
    1.789566E+01
    2.068431E+01
    2.294198E+01
    2.466604E+01
    2.585710E+01
    2.654818E+01
    1.383786E-24
    5.966142E+00
    1.031828E+01
    1.408670E+01
    1.733895E+01
    2.008399E+01
    2.231690E+01
    2.402850E+01
    2.521511E+01
    2.590900E+01
    1.663070E-24
    5.910102E+00
    1.022961E+01
    1.398775E+01
    1.723523E+01
    1.997659E+01
    2.220539E+01
    2.391134E+01
    2.508853E+01
    2.576453E+01
    1.700651E-24
    5.902334E+00
    1.020401E+01
    1.395452E+01
    1.719890E+01
    1.993817E+01
    2.216433E+01
    2.386633E+01
    2.503799E+01
    2.570853E+01
    1.711217E-24
    5.917444E+00
    1.022205E+01
    1.397451E+01
    1.722070E+01
    1.996098E+01
    2.218694E+01
    2.388758E+01
    2.505732E+01
    2.572682E+01
    1.723592E-24
    5.951100E+00
    1.027330E+01
    1.403742E+01
    1.729140E+01
    2.003655E+01
    2.226516E+01
    2.396694E+01
    2.513723E+01
    2.580769E+01
    1.740287E-24
    6.000352E+00
    1.035113E+01
    1.413503E+01
    1.740229E+01
    2.015599E+01
    2.238991E+01
    2.409502E+01
    2.526770E+01
    2.594046E+01
    1.760370E-24
    6.062052E+00
    1.045023E+01
    1.426029E+01
    1.754501E+01
    2.031000E+01
    2.255128E+01
    2.426153E+01
    2.543823E+01
    2.611454E+01
    1.779340E-24
    6.132895E+00
    1.056664E+01
    1.440739E+01
    1.771164E+01
    2.048906E+01
    2.273872E+01
    2.445549E+01
    2.563806E+01
    2.631969E+01
    1.764980E-24
    6.211480E+00
    1.070087E+01
    1.457324E+01
    1.789566E+01
    2.068431E+01
    2.294198E+01
    2.466604E+01
    2.585710E+01
    2.654818E+01
    1.487941E-24
    6.321389E+00
    1.086586E+01
    1.476104E+01
    1.809549E+01
    2.089184E+01
    2.315567E+01
    2.488646E+01
    2.608828E+01
    2.680110E+01
